[gd_scene load_steps=27 format=3 uid="uid://bn6io0yusosy2"]

[ext_resource type="MeshLibrary" uid="uid://7ei7y2bwyjt1" path="res://art/3D/meshlibs/rocks_v5.tres" id="1_etdor"]
[ext_resource type="Script" path="res://scripts/classes/platform_mover_3d.gd" id="2_3ua3i"]
[ext_resource type="PackedScene" uid="uid://ht5upw5kcrgt" path="res://scenes/enemies/enemy_platform.tscn" id="3_dl31g"]
[ext_resource type="Script" path="res://scripts/classes/spawner_3d.gd" id="4_8e1mb"]
[ext_resource type="Script" path="res://scripts/classes/water_area_3d.gd" id="4_oogqb"]
[ext_resource type="PackedScene" uid="uid://b6s07jbaevk4v" path="res://scenes/props/grabable_box.tscn" id="5_cjf4i"]
[ext_resource type="Material" uid="uid://dhma2f41npqom" path="res://shaders/water/water_cool.tres" id="6_nbbno"]
[ext_resource type="PackedScene" uid="uid://t05omij0v5b7" path="res://scenes/props/pillar.tscn" id="7_1r6wu"]
[ext_resource type="PackedScene" uid="uid://bxxjkan3j4yxm" path="res://scenes/props/bonfire.tscn" id="9_wxs71"]
[ext_resource type="PackedScene" uid="uid://dlcsatdr35bbg" path="res://scenes/assets/door.tscn" id="10_jyucb"]
[ext_resource type="PackedScene" uid="uid://cbockryiasaqa" path="res://scenes/assets/openable_door.tscn" id="11_2gtci"]
[ext_resource type="PackedScene" uid="uid://cwbjycotfg2hv" path="res://scenes/props/gem.tscn" id="12_7i2mq"]
[ext_resource type="PackedScene" uid="uid://cbpp5b0yiadn" path="res://scenes/props/pressure_button_high_scale.tscn" id="13_3gq2r"]
[ext_resource type="PackedScene" uid="uid://cl5abm7qiagoo" path="res://scenes/props/pressure_button_low_scale.tscn" id="14_k56wn"]
[ext_resource type="PackedScene" uid="uid://bwwsgvyouufox" path="res://scenes/props/coin.tscn" id="15_4np6n"]
[ext_resource type="PackedScene" uid="uid://pmhn4jmwk8r8" path="res://scenes/props/chest.tscn" id="16_sfb1y"]
[ext_resource type="PackedScene" uid="uid://bnohm5mj6nbcc" path="res://scenes/assets/crystal.tscn" id="17_32nre"]
[ext_resource type="PackedScene" uid="uid://bwbkg8g2n7d0w" path="res://scenes/assets/crystal_2.tscn" id="18_s1yqd"]
[ext_resource type="PackedScene" uid="uid://dy0di1hdfngd1" path="res://scenes/assets/crystal_3.tscn" id="19_ywg75"]

[sub_resource type="GDScript" id="GDScript_vf0am"]
script/source = "extends Node3D

var low_pressed : bool = false
var high_pressed : bool = false

func update() -> void:
	if(low_pressed and high_pressed):
		($OpenableDoor as OpenableDoor3D).open()
	else:
		($OpenableDoor as OpenableDoor3D).close()

func _on_pressure_button_low_scale_pressed() -> void:
	low_pressed = true
	update()
	
func _on_pressure_button_high_scale_pressed() -> void:
	high_pressed = true
	update()


func _on_pressure_button_low_scale_unpressed() -> void:
	low_pressed = false
	update()

func _on_pressure_button_high_scale_unpressed() -> void:
	low_pressed = false
	update()
"

[sub_resource type="BoxMesh" id="BoxMesh_t06fh"]
size = Vector3(18, 25, 30)

[sub_resource type="BoxShape3D" id="BoxShape3D_jay2x"]
size = Vector3(18, 25, 30)

[sub_resource type="BoxMesh" id="BoxMesh_grw52"]
size = Vector3(18, 125, 30)

[sub_resource type="BoxShape3D" id="BoxShape3D_3hyx3"]
size = Vector3(18, 125, 30)

[sub_resource type="BoxMesh" id="BoxMesh_50hyf"]
size = Vector3(50, 50, 50)

[sub_resource type="BoxShape3D" id="BoxShape3D_0dj10"]
size = Vector3(50, 50, 50)

[node name="UnderwaterZone" type="Node3D"]
script = SubResource("GDScript_vf0am")

[node name="GridMap" type="GridMap" parent="."]
mesh_library = ExtResource("1_etdor")
cell_size = Vector3(4, 4, 4)
data = {
"cells": PackedInt32Array(0, 65535, 0, 65535, 65535, 0, 65535, 0, 0, 0, 0, 0, 1, 0, 0, 1, 65535, 0, 1, 65534, 0, 0, 65534, 0, 65535, 65534, 0, -1, 65534, 0, -65536, 65534, 0, -65535, 65534, 0, -65537, 65534, 0, -131072, 65534, 0, -131071, 65534, 0, -131073, 65534, 0, -196608, 65534, 0, -196607, 65534, 0, -196609, 65534, 0, -262144, 65534, 0, -262143, 65534, 0, 65535, 65530, 0, 0, 65530, 0, 1, 65530, 0, -327679, 65534, 0, -327680, 65534, 0, -262145, 65534, 0, -262145, 65533, 0, -262145, 65532, 0, -262145, 65531, 0, -262145, 65530, 0, -262145, 65529, 0, -262145, 65528, 0, -327680, 65532, 0, -327680, 65533, 0, -327679, 65533, 0, -327679, 65532, 0, -327679, 65531, 0, -327679, 65530, 0, -327679, 65529, 0, -327679, 65528, 0, -327680, 65528, 0, -327680, 65529, 0, -327680, 65530, 0, -327680, 65531, 0, -262145, 65527, 0, -327680, 65527, 0, -327679, 65527, 0, -262145, 65526, 0, -327680, 65526, 0, -327679, 65526, 0, -196609, 65526, 0, -262144, 65526, 0, -262143, 65526, 0, -131073, 65526, 0, -196608, 65526, 0, -196607, 65526, 0, -65537, 65526, 0, -131072, 65526, 0, -131071, 65526, 0, -1, 65526, 0, -65536, 65526, 0, -65535, 65526, 0, 65535, 65526, 0, 0, 65526, 0, 1, 65526, 0, -65535, 65530, 0, -65536, 65530, 0, -1, 65530, 0, -131071, 65530, 0, -131072, 65530, 0, -65537, 65530, 0, 65535, 65525, 0, 0, 65525, 0, 1, 65525, 0, 1, 65524, 0, 0, 65524, 0, 65535, 65524, 0, 65535, 65523, 0, 0, 65523, 0, 1, 65523, 0, 65535, 1, 0, 0, 1, 0, 1, 1, 0, 65535, 2, 0, 0, 2, 0, 1, 2, 0, 2, 1, 0, 2, 0, 0, 2, 65535, 0, 3, 65535, 0, 3, 0, 0, 3, 1, 0, 65535, 3, 0, 0, 3, 0, 1, 3, 0, 1, 4, 0, 0, 4, 0, 65535, 4, 0, 65535, 5, 0, 0, 5, 0, 1, 5, 0, 2, 2, 0, 3, 2, 0, 3, 3, 0, 3, 4, 0, 2, 4, 0, 2, 3, 0, 65535, 65522, 0, 0, 65522, 0, 1, 65522, 0, 2, 65524, 0, 2, 65523, 0, 2, 65522, 0, 65534, 65522, 0, 65534, 65523, 0, 65534, 65524, 0, -65534, 65524, 0, -65534, 65523, 0, -65534, 65522, 0, -131070, 65524, 0, -131070, 65523, 0, -131070, 65522, 0, -196606, 65524, 0, -196606, 65523, 0, -196606, 65522, 0, -262142, 65524, 0, -262142, 65523, 0, -262142, 65522, 0, -327678, 65524, 0, -327678, 65523, 0, -327678, 65522, 0, -327677, 65522, 0, -327676, 65522, 0, -327675, 65522, 0, -327674, 65522, 0, -327673, 65522, 0, -327677, 65523, 0, -327676, 65523, 0, -327675, 65523, 0, -327674, 65523, 0, -327673, 65523, 0, -327677, 65524, 0, -327676, 65524, 0, -327675, 65524, 0, -327674, 65524, 0, -327673, 65524, 0, -327672, 65524, 0, -327672, 65523, 0, -327672, 65522, 0, -327671, 65524, 0, -327671, 65523, 0, -327671, 65522, 0, -327670, 65522, 0, -327670, 65523, 0, -327670, 65524, 0, -327672, 65521, 0, -327672, 65520, 0, -327670, 65520, 0, -327670, 65521, 0, -327671, 65521, 0, -327671, 65520, 0, -196602, 65522, 0, -196602, 65523, 0, -196602, 65524, 0, -131066, 65522, 0, -131066, 65523, 0, -131066, 65524, 0, -65530, 65522, 0, -65530, 65523, 0, -65530, 65524, 0, 6, 65522, 0, 6, 65523, 0, 6, 65524, 0, -65529, 65524, 0, -65529, 65523, 0, -65529, 65522, 0, -65528, 65522, 0, -65528, 65523, 0, -65528, 65524, 0, -65527, 65524, 0, -65527, 65523, 0, -65527, 65522, 0, -65526, 65524, 0, -65526, 65523, 0, -65526, 65522, 0, -65526, 65521, 0, -65527, 65521, 0, -65528, 65521, 0, -262134, 65520, 0, -262136, 65520, 0, -262135, 65520, 0, -196598, 65520, 0, -196600, 65520, 0, -131062, 65520, 0, -131063, 65520, 0, -131064, 65520, 0, -65528, 65520, 0, -65527, 65520, 0, -65526, 65520, 0, -262134, 65519, 0, -262135, 65519, 0, -262136, 65519, 0, -262134, 65518, 0, -262135, 65518, 0, -262136, 65518, 0, -262134, 65517, 0, -262135, 65517, 0, -262136, 65517, 0, -65528, 65519, 0, -65527, 65519, 0, -65526, 65519, 0, -65526, 65518, 0, -65527, 65518, 0, -65528, 65518, 0, 65533, 65522, 0, 65533, 65523, 0, 65533, 65524, 0, 65532, 65524, 0, 65532, 65523, 0, 65531, 65523, 0, 65531, 65522, 0, 65532, 65522, 0, 65531, 65524, 0, 262139, 65524, 0, 262140, 65524, 0, 262141, 65523, 0, 262141, 65522, 0, 458749, 65522, 0, 1114107, 65519, 0, 1114108, 65519, 0, 1114108, 65520, 0, 1114108, 65521, 0, 1114107, 65521, 0, 1114107, 65520, 0, 1114109, 65520, 0, 1114109, 65519, 0, 1114109, 65521, 0, 327679, 5, 0, 262144, 5, 0, 262145, 5, 0, 262145, 4, 0, 262144, 4, 0, 327679, 4, 0, 262146, 4, 0, 262147, 4, 0, 262147, 3, 0, 262146, 3, 0, 262145, 3, 0, 262144, 3, 0, 327679, 3, 0, 327679, 2, 0, 262144, 2, 0, 262145, 2, 0, 262146, 2, 0, 262147, 2, 0, 262147, 1, 0, 262146, 1, 0, 262145, 1, 0, 262144, 1, 0, 327679, 1, 0, 327679, 0, 0, 262144, 0, 0, 262145, 0, 0, 262146, 0, 0, 262147, 0, 0, 262147, 65535, 0, 262146, 65535, 0, 262145, 65535, 0, 262144, 65535, 0, 327679, 65535, 0, 327679, 65534, 0, 262144, 65534, 0, 262145, 65534, 0, 262145, 65533, 0, 262144, 65533, 0, 327679, 65533, 0, 327679, 65532, 0, 262144, 65532, 0, 262145, 65532, 0, 327679, 65531, 0, 262144, 65531, 0, 262145, 65531, 0, 262145, 65530, 0, 262144, 65530, 0, 327679, 65530, 0, 327679, 65529, 0, 262144, 65529, 0, 262145, 65529, 0, 262145, 65528, 0, 262144, 65528, 0, 327679, 65528, 0, 262144, 65527, 0, 262145, 65527, 0, 327679, 65527, 0, 327679, 65526, 0, 327679, 65525, 0, 327679, 65524, 0, 327679, 65523, 0, 327679, 65522, 0, 262144, 65522, 0, 262144, 65523, 0, 262144, 65524, 0, 262144, 65525, 0, 262144, 65526, 0, 262145, 65526, 0, 262145, 65525, 0, 262145, 65524, 0, 262145, 65522, 0, 262145, 65523, 0, 262146, 65524, 0, 262147, 65524, 0, 262148, 65524, 0, 262149, 65524, 0, 262150, 65524, 0, 262151, 65524, 0, 262152, 65524, 0, 262153, 65524, 0, 262153, 65523, 0, 262149, 65523, 0, 262148, 65523, 0, 262147, 65523, 0, 262146, 65523, 0, 262146, 65522, 0, 262147, 65522, 0, 262148, 65522, 0, 262149, 65522, 0, 262150, 65522, 0, 262151, 65522, 0, 262152, 65522, 0, 262153, 65522, 0, 262154, 65524, 0, 262154, 65523, 0, 262154, 65522, 0, 262153, 65521, 0, 262152, 65521, 0, 262154, 65521, 0, 262154, 65520, 0, 262154, 65519, 0, 262153, 65519, 0, 262153, 65518, 0, 262154, 65518, 0, 262153, 65520, 0, 262152, 65519, 0, 262152, 65518, 0, 262152, 65520, 0, 262154, 65517, 0, 262153, 65517, 0, 262152, 65517, 0, 262150, 65523, 0, 262151, 65523, 0, 262152, 65523, 0, 327678, 65524, 2, 327678, 65523, 2, 327678, 65522, 2, 393214, 65524, 2, 393214, 65523, 2, 393214, 65522, 2, 458750, 65524, 2, 458750, 65522, 0, 524286, 65524, 2, 524286, 65523, 2, 524286, 65522, 2, 589822, 65524, 2, 589822, 65523, 2, 589822, 65522, 2, 655358, 65524, 2, 655358, 65523, 2, 655358, 65522, 2, 720894, 65524, 0, 720894, 65523, 0, 720894, 65522, 0, 786430, 65524, 0, 786430, 65523, 0, 786430, 65522, 0, 851966, 65524, 0, 851966, 65523, 0, 851966, 65522, 0, 917502, 65524, 0, 917502, 65523, 0, 917502, 65522, 0, 983038, 65524, 0, 983038, 65523, 0, 983038, 65522, 0, 1048574, 65524, 0, 1048574, 65523, 0, 1048574, 65522, 0, 1114110, 65524, 0, 1114110, 65523, 0, 1114110, 65522, 0, 327682, 65532, 1, 327682, 65531, 1, 327682, 65530, 1, 327682, 65529, 1, 327682, 65528, 1, 327682, 65527, 1, 327682, 65526, 1, 327682, 65525, 1, 327683, 65525, 1, 327684, 65525, 1, 327685, 65525, 1, 327686, 65525, 1, 327687, 65525, 1, 327688, 65525, 1, 327689, 65525, 1, 327690, 65525, 1, 327691, 65525, 1, 327691, 65524, 1, 327691, 65523, 1, 327691, 65522, 1, 327691, 65521, 1, 327691, 65520, 1, 327691, 65519, 1, 327691, 65518, 1, 327691, 65517, 1, 327691, 65516, 1, 327690, 65516, 1, 327689, 65516, 1, 327688, 65516, 1, 327687, 65516, 1, 327687, 65517, 1, 327687, 65518, 1, 327687, 65519, 1, 327687, 65520, 1, 327687, 65521, 1, 327686, 65521, 1, 327685, 65521, 1, 327684, 65521, 1, 327683, 65521, 1, 327682, 65521, 1, 327681, 65521, 1, 327680, 65521, 1, 393215, 65521, 1, 393214, 65521, 1, 393214, 65520, 1, 393210, 65519, 1, 393210, 65520, 1, 393210, 65521, 1, 393210, 65522, 1, 393210, 65523, 1, 393210, 65524, 1, 393210, 65525, 1, 393211, 65525, 1, 393212, 65525, 1, 393213, 65525, 1, 393214, 65525, 1, 393214, 65526, 1, 393214, 65527, 1, 393214, 65528, 1, 393214, 65529, 1, 393214, 65530, 1, 393214, 65531, 1, 393214, 65532, 1, 393214, 65533, 1, 393214, 65534, 1, 393214, 65535, 1, 393214, 0, 1, 393214, 1, 1, 393214, 2, 1, 393214, 3, 1, 393214, 4, 1, 393214, 5, 1, 393214, 6, 1, 393215, 6, 1, 327680, 6, 1, 131067, 65521, 0, 131068, 65521, 0, 131069, 65521, 0, 196602, 65521, 0, 196603, 65521, 0, 196604, 65521, 0, 196605, 65521, 0, 65542, 65522, 0, 65542, 65523, 0, 65542, 65524, 0, 131078, 65522, 0, 131078, 65523, 0, 131078, 65524, 0, 196614, 65522, 0, 196614, 65523, 0, 196614, 65524, 0, -65528, 65517, 0, -65527, 65517, 0, -65526, 65517, 0, 262142, 65522, 2, 262142, 65523, 2, 262142, 65524, 2, 131071, 65530, 0, 65536, 65530, 0, 65537, 65530, 0, 196607, 65530, 0, 131072, 65530, 0, 131073, 65530, 0, 262143, 65530, 0, 196608, 65530, 0, 196609, 65530, 0, 1114109, 65522, 0, 1114109, 65523, 0, 1114109, 65524, 0, 1114108, 65524, 0, 1114107, 65524, 0, 1114107, 65523, 0, 1114107, 65522, 0, 1114108, 65522, 0, 1114108, 65523, 0, 262141, 65521, 0, 262140, 65521, 0, 262139, 65521, 0, 327677, 65521, 0, 327676, 65521, 0, 327675, 65521, 0, 393213, 65521, 0, 393212, 65521, 0, 393211, 65521, 0, 458747, 65521, 0, 458748, 65521, 0, 458749, 65521, 0, 917499, 65519, 0, 917500, 65519, 0, 917501, 65519, 0, 917499, 65520, 0, 917500, 65520, 0, 917501, 65520, 0, 917501, 65521, 0, 917501, 65522, 0, 917501, 65523, 0, 917501, 65524, 0, 917500, 65524, 0, 917499, 65524, 0, 917499, 65523, 0, 917499, 65522, 0, 917500, 65522, 0, 917500, 65521, 0, 917500, 65523, 0, 917499, 65521, 0, 4, 4, 0, 4, 3, 0, 4, 2, 0, 4, 1, 0, 4, 0, 0, 4, 65535, 0, 5, 65535, 1, 5, 0, 1, 6, 0, 0, 6, 1, 0, 5, 1, 0, 5, 2, 0, 5, 3, 0, 6, 3, 0, 6, 4, 1, 6, 2, 0, 5, 4, 0, 6, 65535, 1, -196609, 65533, 0, -262144, 65533, 0, -262143, 65533, 0, -262143, 65532, 0, -262144, 65532, 0, -196609, 65532, 0, -262144, 65531, 0, -262143, 65531, 0, -262143, 65530, 0, -262144, 65530, 0, -196609, 65530, 0, -196609, 65531, 0, -262143, 65529, 0, -262143, 65528, 0, -262143, 65527, 0, -262144, 65527, 0, -262144, 65528, 0, -196609, 65528, 0, -196609, 65529, 0, -262144, 65529, 0, -196609, 65527, 0, 458747, 65518, 0, 458748, 65518, 0, 458749, 65518, 0, 458750, 65518, 0, 458749, 65519, 0, 458748, 65519, 0, 458747, 65519, 0, 458750, 65519, 0, 458750, 65520, 0, 458749, 65520, 0, 458748, 65520, 0, 458747, 65520, 0, 720893, 65524, 0, 720892, 65524, 0, 720891, 65524, 0, 720891, 65523, 0, 720891, 65522, 0, 720892, 65522, 0, 720893, 65522, 0, 720893, 65523, 0, 720892, 65523, 0, 720893, 65521, 0, 720892, 65521, 0, 720891, 65521, 0, 720891, 65520, 0, 720892, 65520, 0, 720893, 65520, 0, 7, 4, 1, 7, 3, 0, 7, 2, 0, 7, 65535, 1, 7, 0, 0, 7, 1, 0, 8, 4, 1, 8, 3, 0, 8, 2, 0, 8, 1, 0, 8, 0, 0, 8, 65535, 1, 9, 4, 1, 9, 65535, 1, 262148, 0, 0, 262148, 1, 0, 262149, 2, 0, 262149, 3, 0, 262149, 4, 0, 262148, 4, 0, 262148, 3, 0, 262148, 2, 0, 262149, 1, 0, 262150, 1, 0, 262151, 1, 0, 262151, 0, 0, 262152, 0, 0, 262152, 1, 0, 262152, 2, 0, 262152, 3, 0, 262151, 3, 0, 262151, 2, 0, 262150, 2, 0, 262153, 1, 0, 262153, 2, 0, 262153, 3, 0, 262150, 3, 0, 262150, 0, 0, 262151, 65535, 0, 262152, 65535, 0, 262151, 4, 0, 262151, 5, 0, 262150, 5, 0, 262150, 4, 0, 262152, 5, 0, 262152, 6, 0, 11, 1, 1, 11, 2, 1, 9, 0, 1, 10, 1, 1, 9, 1, 1, 10, 2, 1, 9, 3, 1, 9, 2, 1, 262154, 2, 0, 262154, 1, 0, 262153, 0, 0, 196613, 1, 2, 196613, 2, 2, 11, 65535, 1, 10, 65535, 1, 11, 0, 1, 10, 4, 1, 11, 4, 1, 11, 3, 1, 10, 0, 0, 10, 3, 1, 262154, 0, 0, 262155, 3, 0, 262154, 3, 0, 65541, 4, 1, 65541, 3, 1, 393215, 65525, 2, 393215, 65524, 2, 655359, 65522, 2, 458746, 65522, 0, 458747, 65522, 0, 458748, 65522, 0, 458747, 65523, 0, 458747, 65524, 0, 262141, 65524, 0, 458750, 65523, 2, 393210, 65517, 1, 393210, 65516, 1, 393211, 65516, 1, 393212, 65516, 1, 393213, 65516, 1, 393214, 65516, 1, 393210, 65518, 1, 393214, 65519, 1, 393214, 65518, 1, 393214, 65517, 1, 458747, 65517, 0, 458748, 65517, 0, 458749, 65517, 0, 917501, 65518, 0, 917500, 65518, 0, 917499, 65518, 0, 917499, 65517, 0, 917500, 65517, 0, 917501, 65517, 0, 524283, 65517, 2, 589819, 65517, 2, 720891, 65519, 0, 720892, 65519, 0, 720893, 65519, 0, 720891, 65518, 0, 720892, 65518, 0, 720893, 65518, 0, 655355, 65517, 2, 786427, 65521, 2, 786428, 65521, 2, 786429, 65521, 2, 851965, 65521, 2, 851964, 65521, 2, 851963, 65521, 2, 327684, 65533, 1, 327683, 65533, 1, 327682, 65533, 1, 327683, 6, 1, 65541, 65534, 1, 65541, 5, 1, 65540, 6, 1, 4, 5, 0, 3, 5, 0, 2, 5, 0, 4, 65534, 0, 3, 65534, 0, 2, 65534, 0, 2, 6, 1, 1, 6, 1, 262148, 5, 0, 262147, 5, 0, 262146, 5, 0, 262148, 65535, 0, 262148, 65534, 0, 262147, 65534, 0, 262146, 65534, 0)
}
metadata/_editor_floor_ = Vector3(0, 4, 0)

[node name="PlatformMover3D" type="Node3D" parent="." node_paths=PackedStringArray("platform", "points")]
transform = Transform3D(1, 0, 0, 0, 1, 0, 0, 0, 1, 25.994, -15.2518, -50.2713)
script = ExtResource("2_3ua3i")
platform = NodePath("EnemyPlatform")
points = [NodePath("Marker3D"), NodePath("Marker3D2")]
speed = 6.0

[node name="Marker3D" type="Marker3D" parent="PlatformMover3D"]
transform = Transform3D(1, 0, 0, 0, 1, 0, 0, 0, 1, 0, 0, -4)

[node name="Marker3D2" type="Marker3D" parent="PlatformMover3D"]
transform = Transform3D(1, 0, 0, 0, 1, 0, 0, 0, 1, 0, 0, 5.15885)

[node name="EnemyPlatform" parent="PlatformMover3D" instance=ExtResource("3_dl31g")]

[node name="PlatformMover3D2" type="Node3D" parent="." node_paths=PackedStringArray("platform", "points")]
transform = Transform3D(1, 0, 0, 0, 1, 0, 0, 0, 1, 25.994, -13.2518, -50.2713)
script = ExtResource("2_3ua3i")
platform = NodePath("EnemyPlatform")
points = [NodePath("Marker3D"), NodePath("Marker3D2")]
speed = 3.0

[node name="Marker3D" type="Marker3D" parent="PlatformMover3D2"]
transform = Transform3D(1, 0, 0, 0, 1, 0, 0, 0, 1, 0, 0, -4)

[node name="Marker3D2" type="Marker3D" parent="PlatformMover3D2"]
transform = Transform3D(1, 0, 0, 0, 1, 0, 0, 0, 1, 0, 0, 5.15885)

[node name="EnemyPlatform" parent="PlatformMover3D2" instance=ExtResource("3_dl31g")]

[node name="PlatformMover3D3" type="Node3D" parent="." node_paths=PackedStringArray("platform", "points")]
transform = Transform3D(-4.37114e-08, 0, 1, 0, 1, 0, -1, 0, -4.37114e-08, 37.945, -10.1708, -59.259)
script = ExtResource("2_3ua3i")
platform = NodePath("EnemyPlatform")
points = [NodePath("Marker3D"), NodePath("Marker3D2")]
speed = 3.0

[node name="Marker3D" type="Marker3D" parent="PlatformMover3D3"]
transform = Transform3D(1, 0, 0, 0, 1, 0, 0, 0, 1, 0, 0, -3.08174)

[node name="Marker3D2" type="Marker3D" parent="PlatformMover3D3"]
transform = Transform3D(1, 0, 0, 0, 1, 0, 0, 0, 1, 0, 0, 3.22098)

[node name="EnemyPlatform" parent="PlatformMover3D3" instance=ExtResource("3_dl31g")]

[node name="Spawner3D2" type="Marker3D" parent="."]
transform = Transform3D(1, 0, 0, 0, 1, 0, 0, 0, 1, 38.0979, -10.1075, -70.0956)
script = ExtResource("4_8e1mb")
spawn_on_ready = true
scene = ExtResource("5_cjf4i")
subgroup = "ItemSpawners"

[node name="WaterArea3D" type="Area3D" parent="."]
transform = Transform3D(1, 0, 0, 0, 1, 0, 0, 0, 1, 2.16689, -9.34662, -21.8708)
script = ExtResource("4_oogqb")

[node name="MeshInstance3D" type="MeshInstance3D" parent="WaterArea3D"]
material_override = ExtResource("6_nbbno")
mesh = SubResource("BoxMesh_t06fh")

[node name="CollisionShape3D" type="CollisionShape3D" parent="WaterArea3D"]
shape = SubResource("BoxShape3D_jay2x")

[node name="WaterArea3D2" type="Area3D" parent="."]
transform = Transform3D(1, 0, 0, 0, 1, 0, 0, 0, 1, -15.3999, 10.5626, -43.0365)
script = ExtResource("4_oogqb")

[node name="MeshInstance3D" type="MeshInstance3D" parent="WaterArea3D2"]
material_override = ExtResource("6_nbbno")
mesh = SubResource("BoxMesh_grw52")

[node name="CollisionShape3D" type="CollisionShape3D" parent="WaterArea3D2"]
shape = SubResource("BoxShape3D_3hyx3")

[node name="WaterArea3D3" type="Area3D" parent="."]
transform = Transform3D(1, 0, 0, 0, 1, 0, 0, 0, 1, 36.1316, -21.6932, -35.2162)
script = ExtResource("4_oogqb")

[node name="MeshInstance3D" type="MeshInstance3D" parent="WaterArea3D3"]
material_override = ExtResource("6_nbbno")
mesh = SubResource("BoxMesh_50hyf")

[node name="CollisionShape3D" type="CollisionShape3D" parent="WaterArea3D3"]
shape = SubResource("BoxShape3D_0dj10")

[node name="Pillar" parent="." instance=ExtResource("7_1r6wu")]
transform = Transform3D(1, 0, 0, 0, 0.990967, 0.134107, 0, -0.134107, 0.990967, 1.99617, -4.5105, -8.66771)

[node name="Pillar3" parent="." instance=ExtResource("7_1r6wu")]
transform = Transform3D(1, 0, 0, 0, 0.995049, -0.0993892, 0, 0.0993892, 0.995049, 1.99617, -4.5105, -35.3107)

[node name="Pillar5" parent="." instance=ExtResource("7_1r6wu")]
transform = Transform3D(-4.35103e-08, 0.194269, 0.980948, 4.18803e-09, 0.980948, -0.194269, -1, -4.34444e-09, -4.3495e-08, 12.3349, -4.25043, -49.3107)

[node name="Pillar6" parent="." instance=ExtResource("7_1r6wu")]
transform = Transform3D(-4.35103e-08, 0.194269, 0.980948, 4.18803e-09, 0.980948, -0.194269, -1, -4.34444e-09, -4.3495e-08, 9.22659, -19.9456, -49.3107)

[node name="Pillar4" parent="." instance=ExtResource("7_1r6wu")]
transform = Transform3D(1, 0, 0, 0, 0.995049, -0.0993892, 0, 0.0993892, 0.995049, 1.99617, -20.4313, -36.9009)

[node name="Pillar2" parent="." instance=ExtResource("7_1r6wu")]
transform = Transform3D(1, 0, 0, 0, 0.990967, 0.134107, 0, -0.134107, 0.990967, 1.99617, -20.366, -6.52199)

[node name="Bonfire" parent="." instance=ExtResource("9_wxs71")]
transform = Transform3D(-4.37114e-08, 0, 1, 0, 1, 0, -1, 0, -4.37114e-08, -0.229392, 4, 8.37893)

[node name="Door" parent="." instance=ExtResource("10_jyucb")]
transform = Transform3D(3, 0, 0, 0, 3, 0, 0, 0, 3, 2.10597, 4, 23.9839)

[node name="OpenableDoor" parent="." instance=ExtResource("11_2gtci")]
transform = Transform3D(2, 0, 0, 0, 2, 0, 0, 0, 2, 21.872, 2.86121, 7.97766)

[node name="Gem" parent="." instance=ExtResource("12_7i2mq")]
transform = Transform3D(1, 0, 0, 0, 1, 0, 0, 0, 1, 30, 7, 8)

[node name="PressureButtonHighScale" parent="." instance=ExtResource("13_3gq2r")]
transform = Transform3D(2, 0, 0, 0, 2, 0, 0, 0, 2, 11, 4, 15)

[node name="PressureButtonLowScale" parent="." instance=ExtResource("14_k56wn")]
transform = Transform3D(1, 0, 0, 0, 1, 0, 0, 0, 1, 11, 4, 1)

[node name="Spawner3D" type="Marker3D" parent="."]
transform = Transform3D(1, 0, 0, 0, 1, 0, 0, 0, 1, -13.9693, 32.0522, -70.5243)
script = ExtResource("4_8e1mb")
spawn_on_ready = true
scene = ExtResource("5_cjf4i")
subgroup = "ItemSpawners"

[node name="Coin" parent="." instance=ExtResource("15_4np6n")]
transform = Transform3D(1, 0, 0, 0, 1, 0, 0, 0, 1, 2, 5, -6)

[node name="Coin22" parent="." instance=ExtResource("15_4np6n")]
transform = Transform3D(1, 0, 0, 0, 1, 0, 0, 0, 1, 2, 5, -3)

[node name="Coin23" parent="." instance=ExtResource("15_4np6n")]
transform = Transform3D(1, 0, 0, 0, 1, 0, 0, 0, 1, 2, 5, -9)

[node name="Coin4" parent="." instance=ExtResource("15_4np6n")]
transform = Transform3D(1, 0, 0, 0, 1, 0, 0, 0, 1, 2, -10, -22)

[node name="Coin5" parent="." instance=ExtResource("15_4np6n")]
transform = Transform3D(1, 0, 0, 0, 1, 0, 0, 0, 1, 2, -10, -18)

[node name="Coin6" parent="." instance=ExtResource("15_4np6n")]
transform = Transform3D(1, 0, 0, 0, 1, 0, 0, 0, 1, 2, -10, -26)

[node name="Coin7" parent="." instance=ExtResource("15_4np6n")]
transform = Transform3D(1, 0, 0, 0, 1, 0, 0, 0, 1, 2, -5, -29)

[node name="Coin8" parent="." instance=ExtResource("15_4np6n")]
transform = Transform3D(1, 0, 0, 0, 1, 0, 0, 0, 1, 2, -2, -29)

[node name="Coin9" parent="." instance=ExtResource("15_4np6n")]
transform = Transform3D(1, 0, 0, 0, 1, 0, 0, 0, 1, 2, 1, -29)

[node name="Coin10" parent="." instance=ExtResource("15_4np6n")]
transform = Transform3D(1, 0, 0, 0, 1, 0, 0, 0, 1, -3, 5, -50)

[node name="Coin13" parent="." instance=ExtResource("15_4np6n")]
transform = Transform3D(1, 0, 0, 0, 1, 0, 0, 0, 1, 10, 5, -50)

[node name="Coin14" parent="." instance=ExtResource("15_4np6n")]
transform = Transform3D(1, 0, 0, 0, 1, 0, 0, 0, 1, 13, 5, -50)

[node name="Coin15" parent="." instance=ExtResource("15_4np6n")]
transform = Transform3D(1, 0, 0, 0, 1, 0, 0, 0, 1, 16, 5, -50)

[node name="Coin16" parent="." instance=ExtResource("15_4np6n")]
transform = Transform3D(1, 0, 0, 0, 1, 0, 0, 0, 1, 23, -14, -50)

[node name="Coin17" parent="." instance=ExtResource("15_4np6n")]
transform = Transform3D(1, 0, 0, 0, 1, 0, 0, 0, 1, 26, -14, -50)

[node name="Coin18" parent="." instance=ExtResource("15_4np6n")]
transform = Transform3D(1, 0, 0, 0, 1, 0, 0, 0, 1, 29, -14, -50)

[node name="Coin19" parent="." instance=ExtResource("15_4np6n")]
transform = Transform3D(1, 0, 0, 0, 1, 0, 0, 0, 1, 38, -10, -61)

[node name="Coin20" parent="." instance=ExtResource("15_4np6n")]
transform = Transform3D(1, 0, 0, 0, 1, 0, 0, 0, 1, 38, -10, -58)

[node name="Coin21" parent="." instance=ExtResource("15_4np6n")]
transform = Transform3D(1, 0, 0, 0, 1, 0, 0, 0, 1, 38, -10, -64)

[node name="Coin11" parent="." instance=ExtResource("15_4np6n")]
transform = Transform3D(1, 0, 0, 0, 1, 0, 0, 0, 1, -6, 5, -50)

[node name="Coin12" parent="." instance=ExtResource("15_4np6n")]
transform = Transform3D(1, 0, 0, 0, 1, 0, 0, 0, 1, -9, 5, -50)

[node name="Coin24" parent="." instance=ExtResource("15_4np6n")]
transform = Transform3D(1, 0, 0, 0, 1, 0, 0, 0, 1, -16, 9, -52)

[node name="Coin25" parent="." instance=ExtResource("15_4np6n")]
transform = Transform3D(1, 0, 0, 0, 1, 0, 0, 0, 1, -16, 12, -52)

[node name="Coin26" parent="." instance=ExtResource("15_4np6n")]
transform = Transform3D(1, 0, 0, 0, 1, 0, 0, 0, 1, -16, 15, -52)

[node name="Coin27" parent="." instance=ExtResource("15_4np6n")]
transform = Transform3D(1, 0, 0, 0, 1, 0, 0, 0, 1, -12, 21, -48)

[node name="Coin28" parent="." instance=ExtResource("15_4np6n")]
transform = Transform3D(1, 0, 0, 0, 1, 0, 0, 0, 1, -12, 24, -48)

[node name="Coin29" parent="." instance=ExtResource("15_4np6n")]
transform = Transform3D(1, 0, 0, 0, 1, 0, 0, 0, 1, -12, 27, -48)

[node name="Coin30" parent="." instance=ExtResource("15_4np6n")]
transform = Transform3D(1, 0, 0, 0, 1, 0, 0, 0, 1, -14, 30, -57)

[node name="Coin31" parent="." instance=ExtResource("15_4np6n")]
transform = Transform3D(1, 0, 0, 0, 1, 0, 0, 0, 1, -14, 30, -55)

[node name="Coin32" parent="." instance=ExtResource("15_4np6n")]
transform = Transform3D(1, 0, 0, 0, 1, 0, 0, 0, 1, -14, 30, -59)

[node name="Chest" parent="." instance=ExtResource("16_sfb1y")]
transform = Transform3D(0.958616, 0, 0.284702, 0, 1, 0, -0.284702, 0, 0.958616, -13.9323, 44, -65.2986)

[node name="Crystal" parent="." instance=ExtResource("17_32nre")]
transform = Transform3D(0.889759, -0.43478, 0.138906, 0.420973, 0.664107, -0.617854, 0.176382, 0.608217, 0.773926, 15.6188, 4, -8.55667)

[node name="Crystal2" parent="." instance=ExtResource("18_s1yqd")]
transform = Transform3D(-0.348294, 0, 0.937385, 0.933523, -0.0906848, 0.346859, 0.0850066, 0.99588, 0.031585, 11.1748, 11.4109, -9.0521)

[node name="Crystal3" parent="." instance=ExtResource("19_ywg75")]
transform = Transform3D(-0.084607, -0.964433, -0.250421, -0.3087, 0.264328, -0.913693, 0.947389, -1.49012e-08, -0.320084, 9.10547, 7.54049, -9.49394)

[node name="Crystal4" parent="." instance=ExtResource("17_32nre")]
transform = Transform3D(0.0313933, -0.999507, 0, 0.999507, 0.0313933, 0, 0, 0, 1, 9.54372, 11.8262, -15.3223)

[node name="Crystal5" parent="." instance=ExtResource("18_s1yqd")]
transform = Transform3D(-0.0313576, -0.996692, 0.0749849, 0.384533, -0.0812775, -0.919526, 0.922579, 0, 0.385809, 21.0363, 8.76283, -3.15712)

[node name="Crystal6" parent="." instance=ExtResource("19_ywg75")]
transform = Transform3D(0.0291962, -0.990428, 0.134906, -0.686859, 0.0781745, 0.722574, -0.726204, -0.113758, -0.678002, 21.7005, 12.9604, 13.7807)

[node name="Crystal7" parent="." instance=ExtResource("18_s1yqd")]
transform = Transform3D(-0.423899, 0, -0.905709, 0.766161, 0.533305, -0.358586, 0.483019, -0.845923, -0.226067, 9.1897, 7.25884, 25.5531)

[node name="Crystal8" parent="." instance=ExtResource("17_32nre")]
transform = Transform3D(0.187621, -0.982241, 0, 0.982241, 0.187621, 0, 0, 0, 1, 20.7253, 7.58915, 17.4709)

[node name="Crystal9" parent="." instance=ExtResource("19_ywg75")]
transform = Transform3D(1, 0, 0, 0, 0.0632957, 0.997995, 0, -0.997995, 0.0632957, -1.69809, 12.6691, 25.1552)

[node name="Crystal10" parent="." instance=ExtResource("18_s1yqd")]
transform = Transform3D(0.0113033, 0.830256, 0.557268, -0.016837, 0.557383, -0.830085, -0.999794, 2.98023e-08, 0.0202793, -5.16433, 5.76218, 18.6599)

[node name="Crystal11" parent="." instance=ExtResource("17_32nre")]
transform = Transform3D(0.205542, 0.947924, -0.243295, -0.611744, 0.318496, 0.724106, 0.763886, -1.49012e-08, 0.645351, -5.1439, 11.0789, 13.7852)

[node name="Crystal12" parent="." instance=ExtResource("17_32nre")]
transform = Transform3D(0.801963, 0.592953, -0.0725324, -0.597373, 0.79603, -0.0973735, 0, 0.121419, 0.992601, -4.5773, 2.98589, 4.5154)

[node name="Crystal13" parent="." instance=ExtResource("18_s1yqd")]
transform = Transform3D(-0.271715, 0.952534, 0.137295, 0.850166, 0.304432, -0.42958, -0.450987, 0, -0.892531, -5.1074, 11.3686, 0.299844)

[node name="Crystal14" parent="." instance=ExtResource("19_ywg75")]
transform = Transform3D(-0.396812, 0.9179, 0, -0.9179, -0.396812, 0, 0, 0, 1, -5.29848, 9.17352, -8.64208)

[node name="Crystal15" parent="." instance=ExtResource("17_32nre")]
transform = Transform3D(-0.124488, 0.928064, 0.350999, 0.310222, 0.372421, -0.87468, -0.942478, -2.98023e-08, -0.334267, -5.31484, 11.2466, -14.758)

[node name="Crystal16" parent="." instance=ExtResource("18_s1yqd")]
transform = Transform3D(1, 0, 0, 0, 1, 0, 0, 0, 1, 44, -13.3284, -55.0079)

[node name="Crystal17" parent="." instance=ExtResource("17_32nre")]
transform = Transform3D(1, 0, 0, 0, 1, 0, 0, 0, 1, 44, -7.69038, -48.0343)

[node name="Crystal18" parent="." instance=ExtResource("17_32nre")]
transform = Transform3D(1, 0, 0, 0, 1, 0, 0, 0, 1, 30.5186, -11.0985, -56)

[node name="Crystal19" parent="." instance=ExtResource("19_ywg75")]
transform = Transform3D(1, 0, 0, 0, 0.826167, -0.563425, 0, 0.563425, 0.826167, 34.6368, -7.14818, -77.2832)

[node name="Crystal20" parent="." instance=ExtResource("18_s1yqd")]
transform = Transform3D(1, 0, 0, 0, 0.108555, -0.99409, 0, 0.99409, 0.108555, 41.41, -10.5408, -77.1322)

[node name="Crystal21" parent="." instance=ExtResource("19_ywg75")]
transform = Transform3D(1, 0, 0, 0, 0.0774847, 0.996994, 0, -0.996994, 0.0774847, 35.5151, -10.6801, -43.3542)

[node name="Crystal22" parent="." instance=ExtResource("17_32nre")]
transform = Transform3D(-0.265708, -0.157737, 0.951062, 0.964054, -0.0434747, 0.262127, 0, 0.986524, 0.163619, 17.2828, 10.3781, -57.5132)

[node name="Crystal23" parent="." instance=ExtResource("18_s1yqd")]
transform = Transform3D(1, 0, 0, 0, 0.752909, -0.658125, 0, 0.658125, 0.752909, 10.9511, 5.84967, -57.0966)

[node name="Crystal24" parent="." instance=ExtResource("19_ywg75")]
transform = Transform3D(1, 0, 0, 0, -0.446229, -0.894919, 0, 0.894919, -0.446229, 0.983462, 10.3504, -57.2689)

[node name="Crystal25" parent="." instance=ExtResource("19_ywg75")]
transform = Transform3D(1, 0, 0, 0, 0.190192, 0.981747, 0, -0.981747, 0.190192, 17.9726, 10.538, -43.0573)

[node name="Crystal26" parent="." instance=ExtResource("18_s1yqd")]
transform = Transform3D(-0.103452, 2.98023e-08, -0.994634, 0.915993, 0.389719, -0.0952726, 0.387628, -0.920934, -0.0403173, 9.77437, 5.45381, -43.0041)

[node name="Crystal27" parent="." instance=ExtResource("17_32nre")]
transform = Transform3D(0.512133, -0.858906, 0, 0.858906, 0.512133, 0, 0, 0, 1, 9.06582, 6.42897, -39.4501)

[node name="Crystal28" parent="." instance=ExtResource("18_s1yqd")]
transform = Transform3D(-0.0190918, -0.999767, -0.0101142, -0.883453, 0.0216054, -0.468021, 0.46813, 9.31323e-10, -0.883659, 9.17101, 11.5628, -30.2991)

[node name="Crystal29" parent="." instance=ExtResource("18_s1yqd")]
transform = Transform3D(-0.00165046, 0.99836, -0.0572266, 0.0287816, 0.0572504, 0.997945, 0.999584, 3.72529e-09, -0.0288288, -6.00261, 6.55396, -41.2213)

[node name="Crystal30" parent="." instance=ExtResource("19_ywg75")]
transform = Transform3D(0.202616, 0.979258, 0, -0.979258, 0.202616, 0, 0, 0, 1, -5.21506, 11.677, -29.2954)

[node name="Crystal31" parent="." instance=ExtResource("19_ywg75")]
transform = Transform3D(-0.0951508, 0, -0.995463, -0.991596, 0.0880599, 0.0947812, 0.0876603, 0.996115, -0.00837897, -18.3033, 28.6283, -73.2129)

[node name="Crystal32" parent="." instance=ExtResource("19_ywg75")]
transform = Transform3D(0.332787, 0, -0.943002, -0.911696, 0.25553, -0.321738, 0.240965, 0.966801, 0.085037, -17.9848, 32.7315, -73.2008)

[node name="Crystal33" parent="." instance=ExtResource("19_ywg75")]
transform = Transform3D(-0.656178, 1.16415e-10, -0.754607, -0.754606, 0.00139625, 0.656177, 0.00105362, 0.999999, -0.000916191, -17.8323, 37.2755, -73.5302)

[connection signal="pressed" from="PressureButtonHighScale" to="." method="_on_pressure_button_high_scale_pressed"]
[connection signal="unpressed" from="PressureButtonHighScale" to="." method="_on_pressure_button_high_scale_unpressed"]
[connection signal="pressed" from="PressureButtonLowScale" to="." method="_on_pressure_button_low_scale_pressed"]
[connection signal="unpressed" from="PressureButtonLowScale" to="." method="_on_pressure_button_low_scale_unpressed"]
